*LOG
*---         Banks: ANXX
*---
*---------------------------------------------------
*---
*---
*-- Contact:   M. Huang, Texas             
*---
*---------------------------------------------------
*---
*LOG OFF
*DO ANXX   3  -i(30I -I                            ) -n100030
20010726 15371730  20010726 16032637  #.  1..4   Intrinsic validity
       0        0         0           #.  5..7   Data type,Task type,Format
       0        0         0           #.  8..10  Creation Date,Time,Source 
20010726 15371730  20010726 16032637  #.  11..14 Effective validity
       0        0                     #. 15..16  Entry Date Time           
       0        0         0        0  #. 17..20  Spare                     
       0        0         0        0  #. 21..30  Temp (not in database)    
       0        0         0        0
       0        0
9728      #. max number of bad channels
 0 1 0
 5 4 4 5 7 8
 6 4 4 5 7 8
 10 4 4 5 7 8
 17 2 7 9
 39 2 5 8
 70 2 10 11
 72 1 0
 73 4 4 5 7 8
 81 2 7 9
 83 1 8
 113 2 7 9
 120 1 0
 132 2 5 8
 135 2 5 8
 145 2 7 9
 153 4 4 5 7 8
 163 4 4 5 7 8
 169 1 0
 177 2 7 9
 181 4 4 5 7 8
 197 1 8
 202 4 4 5 7 8
 227 4 4 5 7 8
 253 1 8
 284 4 4 5 7 8
 305 2 7 9
 321 3 4 5 8
 337 4 4 5 7 8
 341 4 4 5 7 8
 357 4 4 5 7 8
 359 3 4 5 8
 370 1 0
 395 2 10 11
 423 1 5
 432 1 0
 455 1 5
 469 1 0
 490 4 4 5 7 8
 510 4 4 5 7 8
 512 1 0
 513 1 0
 526 1 0
 529 2 7 9
 530 2 4 5
 561 2 7 9
 564 4 4 5 7 8
 593 2 7 9
 631 2 5 8
 643 2 4 5
 684 2 4 5
 689 2 7 9
 691 4 4 5 7 8
 710 4 4 5 7 8
 719 1 0
 721 1 0
 727 2 5 8
 743 4 4 5 7 8
 753 2 7 9
 768 4 4 6 7 9
 771 1 8
 826 4 4 5 7 8
 838 1 0
 855 4 4 5 7 8
 890 4 4 5 7 8
 974 4 4 5 7 8
 977 2 7 9
 994 2 10 11
 1009 2 7 9
 1022 4 4 5 7 8
 1024 1 0
 1025 1 0
 1026 1 0
 1027 1 0
 1073 4 4 6 7 9
 1089 3 4 5 8
 1116 1 0
 1136 1 0
 1170 1 12
 1172 1 12
 1173 1 12
 1228 3 4 5 8
 1237 4 4 5 7 8
 1253 4 4 5 7 8
 1291 1 0
 1296 1 0
 1297 2 7 9
 1320 4 4 5 7 8
 1328 1 0
 1329 2 7 9
 1334 4 4 5 7 8
 1352 4 4 5 7 8
 1356 2 7 8
 1415 4 4 5 7 8
 1442 4 4 5 7 8
 1536 1 0
 1537 1 0
 1538 1 0
 1539 1 0
 1540 1 0
 1541 1 0
 1542 1 0
 1553 2 7 9
 1566 4 4 5 7 8
 1585 2 7 9
 1656 4 4 5 7 8
 1657 4 4 5 7 8
 1666 1 0
 1678 4 4 5 7 8
 1688 4 4 5 7 8
 1734 4 4 5 7 8
 1742 4 4 5 7 8
 1770 4 4 5 7 8
 1782 4 4 5 7 8
 1821 1 0
 1841 4 4 5 7 8
 1873 2 7 9
 1874 2 4 5
 1899 4 4 5 7 8
 1937 2 7 9
 1955 1 0
 1967 1 0
 1969 2 7 9
 2015 1 8
 2016 1 0
 2017 1 0
 2018 1 0
 2019 1 0
 2020 1 0
 2021 1 0
 2022 1 0
 2023 1 0
 2024 1 0
 2025 1 0
 2026 1 0
 2027 1 0
 2028 1 0
 2029 1 0
 2030 1 0
 2031 1 0
 2032 1 0
 2033 1 0
 2034 1 0
 2035 1 0
 2036 1 0
 2037 1 0
 2038 1 0
 2039 1 0
 2040 1 0
 2041 1 0
 2042 1 0
 2043 1 0
 2044 1 0
 2045 1 0
 2046 1 0
 2047 1 0
 2048 1 0
 2069 2 7 8
 2084 4 4 5 7 8
 2097 1 0
 2106 1 0
 2112 3 4 5 11
 2119 4 4 5 7 8
 2121 4 4 5 7 8
 2128 2 5 8
 2129 5 4 6 7 9 12
 2131 3 4 5 8
 2134 1 0
 2148 1 0
 2153 3 5 8 12
 2165 5 4 5 7 8 12
 2167 2 5 8
 2189 4 4 5 7 8
 2191 6 4 5 7 8 10 11
 2260 1 8
 2272 1 0
 2289 2 7 9
 2309 1 0
 2343 2 5 8
 2345 1 0
 2386 3 4 5 8
 2400 2 4 5
 2401 2 4 5
 2402 2 4 5
 2403 2 4 5
 2404 2 4 5
 2405 2 4 5
 2406 2 4 5
 2407 2 4 5
 2416 1 0
 2432 2 7 8
 2433 2 7 8
 2434 2 7 8
 2435 2 7 8
 2436 2 7 8
 2437 2 7 8
 2438 2 7 8
 2439 2 7 8
 2454 4 4 5 7 8
 2511 4 4 5 7 8
 2545 2 7 9
 2554 4 4 5 7 8
 2556 4 4 5 7 8
 2560 1 0
 2561 1 0
 2562 1 0
 2563 1 0
 2564 1 0
 2565 1 0
 2667 4 4 5 7 8
 2672 1 0
 2720 4 4 5 7 8
 2758 1 0
 2769 4 4 5 7 8
 2801 1 0
 2869 4 4 5 7 8
 2876 4 4 5 7 8
 2934 4 4 5 7 8
 2945 6 4 6 7 9 10 12
 2961 2 7 9
 2963 3 4 5 8
 2993 2 7 9
 3068 1 5
 3072 1 0
 3073 1 0
 3074 1 0
 3075 1 0
 3076 1 0
 3077 1 0
 3078 1 0
 3079 1 0
 3080 1 0
 3081 1 0
 3082 1 0
 3093 4 4 5 7 8
 3100 4 4 5 7 8
 3135 1 8
 3140 3 4 5 8
 3164 4 4 5 7 8
 3185 2 7 9
 3200 1 0
 3208 4 4 5 7 8
 3212 4 4 5 7 8
 3216 1 0
 3217 2 4 5
 3223 4 4 5 7 8
 3229 4 4 5 7 8
 3249 2 7 9
 3256 4 4 5 7 8
 3272 2 10 12
 3273 2 10 12
 3274 2 10 12
 3275 2 10 12
 3276 2 10 12
 3277 2 10 12
 3278 4 4 5 7 8
 3279 2 10 12
 3281 2 7 9
 3293 4 4 5 7 8
 3313 2 7 9
 3345 2 7 9
 3361 4 4 5 7 8
 3371 1 8
 3381 1 16
 3382 4 4 5 7 8
 3422 4 4 5 7 8
 3426 4 4 5 7 8
 3441 2 7 9
 3473 2 7 9
 3480 1 0
 3481 1 0
 3482 1 0
 3483 1 0
 3484 1 0
 3485 1 0
 3486 1 0
 3487 1 0
 3505 2 7 9
 3508 4 4 5 7 8
 3509 1 5
 3536 1 0
 3572 5 4 5 7 8 16
 3573 4 4 5 7 8
 3574 5 4 5 7 8 16
 3575 2 5 8
 3584 1 0
 3585 1 0
 3586 1 0
 3587 1 0
 3591 2 4 5
 3601 2 7 9
 3603 4 4 5 7 8
 3613 1 0
 3673 4 4 5 7 8
 3692 2 5 8
 3695 2 5 8
 3714 2 10 12
 3729 2 7 9
 3793 2 7 9
 3800 4 4 5 7 8
 3823 1 0
 3834 1 0
 3847 4 4 5 7 8
 3921 2 7 9
 3922 4 4 5 7 8
 3953 2 7 9
 3978 4 4 5 7 8
 3985 2 7 9
 4033 3 4 5 8
 4067 3 4 5 8
 4091 1 0
 4096 1 0
 4097 1 0
 4098 1 0
 4099 1 0
 4100 1 0
 4101 1 0
 4102 1 0
 4103 1 0
 4113 1 0
 4145 2 7 9
 4170 1 0
 4193 4 4 5 7 8
 4209 2 7 9
 4241 2 7 9
 4253 1 0
 4277 1 0
 4301 1 0
 4388 4 4 5 7 8
 4398 4 4 5 7 8
 4401 4 4 5 7 8
 4416 3 10 11 30
 4417 3 10 11 30
 4418 3 10 11 30
 4419 3 10 11 30
 4420 3 10 11 30
 4421 3 10 11 30
 4422 3 10 11 30
 4423 3 10 11 30
 4424 1 30
 4425 1 30
 4426 1 30
 4427 1 30
 4428 1 30
 4429 1 30
 4430 1 30
 4431 1 30
 4432 1 30
 4433 1 30
 4434 1 30
 4435 1 30
 4436 1 30
 4437 1 30
 4438 2 4 5
 4439 1 30
 4440 1 30
 4441 1 30
 4442 1 30
 4443 1 30
 4444 1 30
 4445 1 30
 4446 1 30
 4447 1 30
 4455 4 4 5 7 8
 4529 2 7 9
 4562 2 4 5
 4565 4 4 5 7 8
 4583 2 5 8
 4598 4 4 5 7 8
 4599 2 5 8
 4614 2 5 8
 4615 1 5
 4623 1 0
 4625 2 7 9
 4626 1 0
 4628 1 0
 4657 2 7 9
 4665 4 4 5 7 8
 4705 4 4 5 7 8
 4720 4 4 5 7 8
 4730 1 0
 4741 4 4 5 7 8
 4756 1 8
 4785 2 7 9
 4817 1 0
 4824 3 4 5 8
 4825 4 4 5 7 8
 4827 4 4 5 7 8
 4836 6 4 5 7 8 10 12
 4849 2 7 9
 4858 1 8
 4871 2 7 8
 4873 4 4 5 7 8
 4875 4 4 5 7 8
 4879 2 7 8
 4881 2 7 9
 4913 1 5
 4935 4 4 5 7 8
 4958 4 4 5 7 8
 4973 4 4 5 7 8
 5004 4 4 5 7 8
 5007 4 4 5 7 8
 5009 2 7 9
 5016 4 4 5 7 8
 5032 2 7 9
 5046 4 4 5 7 8
 5047 1 8
 5051 2 7 9
 5073 2 7 9
 5081 4 4 5 7 8
 5083 4 4 5 7 8
 5105 2 7 9
 5113 1 0
 5119 1 8
 5120 1 0
 5121 1 0
 5122 1 0
 5123 1 0
 5124 1 0
 5125 1 0
 5126 1 0
 5130 4 4 5 7 8
 5189 2 10 12
 5201 4 4 5 7 8
 5221 4 4 5 7 8
 5222 4 4 5 7 8
 5233 2 7 9
 5241 4 4 5 7 8
 5246 4 4 5 7 8
 5247 4 4 5 7 8
 5248 2 7 9
 5249 2 7 9
 5250 2 7 9
 5251 2 7 9
 5252 4 7 9 10 12
 5253 1 0
 5254 2 7 9
 5265 2 7 9
 5297 2 7 9
 5329 2 7 9
 5343 4 4 5 7 8
 5355 4 4 5 7 8
 5359 1 8
 5361 2 7 9
 5374 1 0
 5393 2 7 9
 5401 4 4 5 7 8
 5406 4 4 5 7 8
 5410 2 4 6
 5413 2 7 8
 5425 2 7 9
 5432 4 4 5 7 8
 5440 1 0
 5448 4 4 5 7 8
 5472 3 10 11 12
 5473 3 10 11 12
 5474 3 10 11 12
 5475 3 10 11 12
 5476 3 10 11 12
 5477 3 10 11 12
 5478 3 10 11 12
 5479 3 10 11 12
 5489 2 7 9
 5499 1 0
 5500 2 10 12
 5511 2 5 8
 5519 4 4 5 7 8
 5521 2 7 9
 5540 1 0
 5553 2 7 9
 5554 4 4 5 7 8
 5574 4 4 5 7 8
 5581 4 4 5 7 8
 5585 2 7 9
 5599 4 4 5 7 8
 5602 1 8
 5604 1 0
 5607 1 8
 5617 2 7 9
 5624 1 8
 5627 4 4 5 7 8
 5628 1 8
 5632 1 0
 5633 1 0
 5634 1 0
 5635 1 0
 5636 1 0
 5637 1 0
 5638 1 0
 5639 1 0
 5640 1 0
 5647 4 4 5 7 8
 5662 1 12
 5693 4 4 5 7 8
 5729 5 4 6 7 9 12
 5742 4 4 5 7 8
 5760 1 0
 5763 1 0
 5776 4 4 5 7 8
 5781 3 4 5 8
 5786 4 4 5 7 8
 5790 4 4 5 7 8
 5795 3 4 5 8
 5798 1 0
 5815 4 4 5 7 8
 5817 4 4 5 7 8
 5831 4 4 5 7 8
 5857 2 7 8
 5959 4 4 5 7 8
 5986 2 10 12
 5987 1 0
 5996 4 4 5 7 8
 6016 1 0
 6017 1 0
 6018 1 0
 6019 1 0
 6020 1 0
 6021 1 0
 6022 1 0
 6023 1 0
 6024 1 0
 6025 1 0
 6026 1 0
 6027 1 0
 6028 1 0
 6029 1 0
 6030 1 0
 6031 1 0
 6032 1 0
 6033 1 0
 6034 1 0
 6035 1 0
 6036 1 0
 6037 1 0
 6038 1 0
 6039 1 0
 6040 1 0
 6041 1 0
 6042 1 0
 6043 1 0
 6044 1 0
 6045 1 0
 6046 1 0
 6047 1 0
 6048 4 4 5 7 8
 6065 2 7 9
 6093 4 4 5 7 8
 6097 2 7 9
 6108 4 4 5 7 8
 6135 4 4 5 7 8
 6144 1 0
 6145 1 0
 6146 1 0
 6147 1 0
 6148 1 0
 6149 1 0
 6150 1 0
 6151 1 0
 6152 4 4 5 7 8
 6155 5 4 6 7 9 12
 6167 4 4 5 7 8
 6183 4 4 5 7 8
 6204 4 4 5 7 8
 6214 4 4 5 7 8
 6241 4 4 5 7 8
 6257 2 7 9
 6289 4 4 5 7 8
 6290 1 0
 6315 4 4 5 7 8
 6334 4 4 5 7 8
 6350 4 4 5 7 8
 6372 4 4 5 7 8
 6513 2 7 9
 6545 2 7 9
 6619 1 0
 6656 1 0
 6657 1 0
 6658 1 0
 6659 1 0
 6660 1 0
 6661 1 0
 6662 1 0
 6663 1 0
 6664 1 0
 6679 1 0
 6697 4 4 5 7 8
 6719 1 8
 6732 1 0
 6761 4 4 5 7 8
 6769 2 7 9
 6848 6 4 5 7 8 10 11
 6854 4 4 5 7 8
 6860 4 4 5 7 8
 6897 2 7 9
 6945 4 4 5 7 8
 6962 3 4 5 8
 6982 4 4 5 7 8
 7014 4 4 5 7 8
 7062 1 0
 7111 1 8
 7136 1 0
 7137 1 0
 7138 1 0
 7139 1 0
 7140 1 0
 7141 1 0
 7142 1 0
 7143 1 0
 7144 1 0
 7145 1 0
 7146 1 0
 7147 1 0
 7148 1 0
 7149 1 0
 7150 1 0
 7151 1 0
 7152 1 0
 7153 1 0
 7154 1 0
 7155 1 0
 7156 1 0
 7157 1 0
 7158 1 0
 7159 1 0
 7160 1 0
 7161 1 0
 7162 1 0
 7163 1 0
 7164 1 0
 7165 1 0
 7166 1 0
 7167 1 0
 7168 1 0
 7169 1 0
 7170 1 0
 7171 1 0
 7172 1 0
 7173 1 0
 7175 4 4 5 7 8
 7183 4 4 5 7 8
 7207 4 4 5 7 8
 7244 1 5
 7291 4 4 5 7 8
 7376 4 4 5 7 8
 7390 4 4 5 7 8
 7409 2 5 8
 7414 4 4 5 7 8
 7435 4 4 5 7 8
 7496 1 0
 7514 4 4 5 7 8
 7518 4 4 5 7 8
 7524 4 4 5 7 8
 7529 4 4 5 7 8
 7569 2 7 9
 7583 4 4 5 7 8
 7601 2 7 9
 7646 1 8
 7665 1 0
 7680 1 0
 7681 1 0
 7682 1 0
 7683 1 0
 7684 1 0
 7685 1 0
 7686 1 0
 7687 1 0
 7688 1 0
 7729 2 7 9
 7780 1 12
 7788 4 4 5 7 8
 7793 2 7 9
 7819 2 7 9
 7860 4 4 5 7 8
 7889 2 7 9
 7912 1 0
 7954 2 4 5
 7966 4 4 5 7 8
 7978 4 4 5 7 8
 7985 2 7 9
 8015 1 0
 8027 4 4 5 7 8
 8032 2 10 12
 8033 2 10 12
 8034 2 10 12
 8035 2 10 12
 8036 2 10 12
 8037 2 10 12
 8038 2 10 12
 8039 2 10 12
 8046 1 0
 8049 2 7 9
 8079 1 0
 8096 1 0
 8097 1 0
 8145 2 7 9
 8163 4 4 5 7 8
 8172 4 4 5 7 8
 8175 4 4 5 7 8
 8178 3 4 5 8
 8179 4 4 5 7 8
 8180 4 4 5 7 8
 8192 1 0
 8193 1 0
 8194 1 0
 8195 1 0
 8196 1 0
 8197 1 0
 8198 1 0
 8232 2 10 11
 8233 2 10 11
 8234 2 10 11
 8235 2 10 11
 8236 2 10 11
 8237 2 10 11
 8238 2 10 11
 8239 2 10 11
 8251 4 4 5 7 8
 8259 3 4 5 8
 8272 4 4 5 7 8
 8273 2 7 9
 8275 4 4 5 7 8
 8287 3 4 5 7
 8296 4 4 5 7 8
 8302 4 4 5 7 8
 8305 2 7 9
 8317 4 4 5 7 8
 8401 2 7 9
 8415 3 4 5 8
 8416 1 0
 8494 1 0
 8517 4 4 5 7 8
 8526 1 0
 8529 2 7 9
 8549 3 4 5 8
 8550 1 0
 8561 2 7 9
 8572 4 4 5 7 8
 8616 4 4 5 7 8
 8638 4 4 5 7 8
 8643 1 0
 8677 4 4 5 7 8
 8681 4 4 5 7 8
 8682 1 5
 8685 2 5 8
 8689 2 7 9
 8721 1 5
 8747 1 14
 8771 4 4 5 7 8
 8817 2 7 9
 8849 4 4 6 7 9
 8851 2 4 5
 8903 2 5 8
 8916 5 4 5 7 8 16
 8918 3 4 5 8
 8943 1 0
 8981 4 4 5 7 8
 8989 3 4 5 8
 9044 4 4 5 7 8
 9056 2 10 11
 9057 2 10 11
 9058 2 10 11
 9059 2 10 11
 9060 2 10 11
 9061 2 10 11
 9062 2 10 11
 9063 2 10 11
 9111 4 4 6 7 9
 9112 4 4 5 7 8
 9127 1 5
 9169 2 7 9
 9179 4 4 5 7 8
 9180 4 4 5 7 8
 9184 1 0
 9185 1 0
 9186 1 0
 9187 1 0
 9188 1 0
 9189 1 0
 9190 1 0
 9191 1 0
 9192 1 0
 9193 1 0
 9194 1 0
 9195 1 0
 9196 1 0
 9197 1 0
 9198 1 0
 9199 1 0
 9200 1 0
 9201 1 0
 9202 1 0
 9203 1 0
 9204 1 0
 9205 1 0
 9206 1 0
 9207 1 0
 9208 1 0
 9209 1 0
 9210 1 0
 9211 1 0
 9212 1 0
 9213 1 0
 9214 1 0
 9215 1 0
 9216 1 0
 9217 1 0
 9218 1 0
 9219 1 0
 9220 1 0
 9221 1 0
 9222 1 0
 9223 1 0
 9224 1 0
 9225 1 0
 9226 1 0
 9227 1 0
 9228 1 0
 9229 1 0
 9230 1 0
 9231 1 0
 9232 1 0
 9233 2 7 9
 9248 1 0
 9249 1 0
 9250 1 0
 9251 1 0
 9252 1 0
 9253 1 0
 9254 1 0
 9255 1 0
 9256 1 0
 9257 1 0
 9258 1 0
 9259 1 0
 9260 1 0
 9261 1 0
 9262 1 0
 9263 1 0
 9264 1 0
 9265 1 0
 9266 1 0
 9267 1 0
 9268 1 0
 9269 1 0
 9270 1 0
 9271 1 0
 9272 1 0
 9273 1 0
 9274 1 0
 9296 1 0
 9321 1 0
 9326 1 0
 9361 2 7 9
 9377 4 4 5 7 8
 9425 2 7 9
 9438 4 4 5 7 8
 9442 1 0
 9457 2 7 9
 9463 1 0
 9494 4 4 5 7 8
 9523 3 4 5 8
 9538 4 4 5 7 8
 9543 2 4 6
 9604 1 0
 9617 2 7 9
 9623 1 0
 9630 4 4 5 7 8
 9655 1 0
 9696 1 0
 9697 1 0
 9698 1 0
 9699 1 0
 9700 1 0
 9701 1 0
 9702 1 0
 9703 1 0
 9704 1 0
 9705 1 0
 9706 1 0
 9707 1 0
 9708 1 0
 9709 1 0
 9710 1 0
 9711 1 0
 9712 1 0
 9713 1 0
 9714 1 0
 9715 1 0
 9716 1 0
 9717 1 0
 9718 1 0
 9719 1 0
 9720 1 0
 9721 1 0
 9722 1 0
 9723 1 0
 9724 1 0
 9725 1 0
 9726 1 0
 9727 1 0
-9999      #.  end of ANNX banks         
